{
  "camera_angle_x": 0.9675213629728078,
  "camera_angle_y": 1.5026183373725486,
  "fl_x": 1027.7879529283434,
  "fl_y": 1027.7879529283434,
  "k1": 0.1221481449008421,
  "k2": 0,
  "k3": 0,
  "k4": 0,
  "p1": 0,
  "p2": 0,
  "is_fisheye": false,
  "cx": 481.14437353992906,
  "cy": 983.2291437461687,
  "w": 1080.0,
  "h": 1920.0,
  "aabb_scale": 16,
  "frames": [
    {
      "file_path": "./data_c/images/0043.jpg",
      "sharpness": 82.99117591778587,
      "transform_matrix": [
        [
          -0.308781495692591,
          0.016222760194962365,
          0.9509946424238692,
          3.7765586054440345
        ],
        [
          0.9509745262367559,
          -0.012985567007536867,
          0.30899648136551033,
          1.2901965246438185
        ],
        [
          0.017361980471283553,
          0.9997840752125222,
          -0.011417728887653201,
          -0.023027698166880984
        ],
        [
          0.0,
          0.0,
          0.0,
          1.0
        ]
      ]
    },
    {
      "file_path": "./data_c/images/0049.jpg",
      "sharpness": 106.0685601556302,
      "transform_matrix": [
        [
          -0.26430670160573877,
          -0.010361203072107847,
          0.9643830218883953,
          3.863984104230662
        ],
        [
          0.9643220338358021,
          0.012712418727357592,
          0.2644265672486002,
          1.0438707996256724
        ],
        [
          -0.014999418148722906,
          0.9998655108705398,
          0.006631558956221958,
          -0.05830670495470023
        ],
        [
          0.0,
          0.0,
          0.0,
          1.0
        ]
      ]
    },
    {
      "file_path": "./data_c/images/0050.jpg",
      "sharpness": 122.19172389925724,
      "transform_matrix": [
        [
          -0.263086087123109,
          -0.019165539260579373,
          0.964581978276861,
          3.8747547658990453
        ],
        [
          0.9645518037241858,
          0.01615224766376787,
          0.2633987904790448,
          1.0048702045461773
        ],
        [
          -0.020628346865250287,
          0.9996858441268812,
          0.014236723827034541,
          -0.06435547867265061
        ],
        [
          0.0,
          0.0,
          0.0,
          1.0
        ]
      ]
    },
    {
      "file_path": "./data_c/images/0051.jpg",
      "sharpness": 56.56493919149438,
      "transform_matrix": [
        [
          -0.2663760659435594,
          -0.0190046221908312,
          0.9636818021407357,
          3.910806164493436
        ],
        [
          0.9635200523191592,
          0.021657229222293593,
          0.2667584547850239,
          0.9721822577667996
        ],
        [
          -0.02594032133571425,
          0.9995848081604808,
          0.012542367048143136,
          -0.08443899266241835
        ],
        [
          0.0,
          0.0,
          0.0,
          1.0
        ]
      ]
    },
    {
      "file_path": "./data_c/images/0046.jpg",
      "sharpness": 68.85262053817075,
      "transform_matrix": [
        [
          -0.27896626345243614,
          -0.018218337677306823,
          0.9601280726950242,
          3.779276537086391
        ],
        [
          0.9602943288268494,
          -0.0015928498520432568,
          0.2789843451707204,
          1.1392183220275445
        ],
        [
          -0.0035532911484677217,
          0.999832763490485,
          0.017939317723635544,
          -0.036443884664339135
        ],
        [
          0.0,
          0.0,
          0.0,
          1.0
        ]
      ]
    },
    {
      "file_path": "./data_c/images/0045.jpg",
      "sharpness": 52.413552255857944,
      "transform_matrix": [
        [
          -0.2946218992416708,
          -0.0012973491922207046,
          0.9556130248807327,
          3.7718209398114078
        ],
        [
          0.9556095651891959,
          -0.003413928628381265,
          0.2946161978035697,
          1.2046376105382006
        ],
        [
          0.0028801745770586397,
          0.9999933309396567,
          0.0022455774338458025,
          -0.0420691205044765
        ],
        [
          0.0,
          0.0,
          0.0,
          1.0
        ]
      ]
    },
    {
      "file_path": "./data_c/images/0040.jpg",
      "sharpness": 90.80089312789352,
      "transform_matrix": [
        [
          -0.3689444476358343,
          0.02604322074256415,
          0.9290865111287769,
          3.7514692925099618
        ],
        [
          0.9288885008098622,
          -0.02445401943898373,
          0.36955128736682874,
          1.4868877005344483
        ],
        [
          0.032344205356233696,
          0.999361672035741,
          -0.015169073577428891,
          0.08192945721960082
        ],
        [
          0.0,
          0.0,
          0.0,
          1.0
        ]
      ]
    },
    {
      "file_path": "./data_c/images/0052.jpg",
      "sharpness": 73.00419361469751,
      "transform_matrix": [
        [
          -0.27388769184469314,
          -0.020610727049328856,
          0.9615408104370217,
          3.9305625908801223
        ],
        [
          0.961312403652131,
          0.02468870593962641,
          0.27435183684747716,
          0.9725334797440583
        ],
        [
          -0.029393789142575084,
          0.9994826990383386,
          0.01305141487637165,
          -0.09638660498192596
        ],
        [
          0.0,
          0.0,
          0.0,
          1.0
        ]
      ]
    },
    {
      "file_path": "./data_c/images/0044.jpg",
      "sharpness": 143.34641888081097,
      "transform_matrix": [
        [
          -0.2991262413843077,
          0.007447424844963858,
          0.954184482963266,
          3.780053842745925
        ],
        [
          0.9541610861342606,
          -0.0081509710640381,
          0.2991825251845381,
          1.2348280104874658
        ],
        [
          0.010005669481626032,
          0.9999390468830046,
          -0.004667873640955987,
          -0.0391023161110077
        ],
        [
          0.0,
          0.0,
          0.0,
          1.0
        ]
      ]
    },
    {
      "file_path": "./data_c/images/0047.jpg",
      "sharpness": 51.77228049306337,
      "transform_matrix": [
        [
          -0.28148715581149564,
          -0.0005288305904515217,
          0.9595648500235724,
          3.8277748157893057
        ],
        [
          0.9595514891565516,
          0.005150653461030412,
          0.28148607500969663,
          1.0926660246804691
        ],
        [
          -0.005091244463108329,
          0.9999865954374229,
          -0.0009424026127366626,
          -0.06989296571123997
        ],
        [
          0.0,
          0.0,
          0.0,
          1.0
        ]
      ]
    },
    {
      "file_path": "./data_c/images/0041.jpg",
      "sharpness": 102.4728529842386,
      "transform_matrix": [
        [
          -0.3468601429130673,
          0.0227687696370306,
          0.9376404557915269,
          3.760551739801871
        ],
        [
          0.9375029019140217,
          -0.021282010503198938,
          0.3473260498864514,
          1.4091467706048275
        ],
        [
          0.027863060847183832,
          0.9995142115575879,
          -0.013963906403111112,
          0.0438223273528366
        ],
        [
          0.0,
          0.0,
          0.0,
          1.0
        ]
      ]
    },
    {
      "file_path": "./data_c/images/0042.jpg",
      "sharpness": 128.1757300720967,
      "transform_matrix": [
        [
          -0.32317096938489037,
          0.01802777170152239,
          0.9461688665051857,
          3.761733385465406
        ],
        [
          0.9460384235195167,
          -0.019109765830233025,
          0.3234905223845314,
          1.3457404448708146
        ],
        [
          0.023912878759925593,
          0.9996548485576474,
          -0.010879243172003353,
          0.010875158446804851
        ],
        [
          0.0,
          0.0,
          0.0,
          1.0
        ]
      ]
    },
    {
      "file_path": "./data_c/images/0048.jpg",
      "sharpness": 89.08924961351934,
      "transform_matrix": [
        [
          -0.26852442802918586,
          -0.001323339662847852,
          0.9632719658918425,
          3.862576816656692
        ],
        [
          0.9632146296572287,
          0.010627856996962375,
          0.26852304532001625,
          1.0707337355664173
        ],
        [
          -0.010592863898942035,
          0.9999426470429144,
          -0.0015791790980245342,
          -0.07209770745347709
        ],
        [
          0.0,
          0.0,
          0.0,
          1.0
        ]
      ]
    }
  ]
}